0.006  0.715
0.193  0.097
0.350  0.243
0.910  0.512
0.035  0.683
0.275  0.030
0.370  0.839
0.393  0.705
0.464  0.835
0.442  0.594
0.235  0.331
0.316  0.128
0.754  0.443
0.272  0.165
0.217  0.235
0.118  0.512
0.383  0.756
0.138  0.126
0.898  0.194
0.287  0.331
0.307  0.524
0.557  0.932
0.430  0.024
0.643  0.943
0.600  0.721
0.859  0.908
0.484  0.157
0.621  0.569
0.377  0.619
0.638  0.680
0.551  0.479
0.675  0.648
0.112  0.318
0.880  0.565
0.997  0.646
0.901  0.310
0.923  0.574
0.769  0.779
0.672  0.885
0.737  0.069
0.557  0.392
0.713  0.070
0.894  0.389
0.123  0.935
0.878  0.322
0.239  0.374
0.488  0.618
0.241  0.350
0.111  0.959
0.051  0.449
