0.382  0.233
0.769  0.859
0.087  0.735
0.378  0.183
0.357  0.644
0.458  0.237
0.416  0.645
0.976  0.661
0.971  0.113
0.256  0.750
0.588  0.443
0.265  0.222
0.094  0.353
0.710  0.534
0.630  0.861
0.833  0.259
0.953  0.652
0.138  0.931
0.090  0.125
0.901  0.111
0.342  0.532
0.800  0.394
0.432  0.658
0.660  0.829
0.458  0.070
0.230  0.178
0.475  0.651
0.697  0.605
0.313  0.110
0.144  0.565
0.269  0.768
0.779  0.214
0.376  0.705
0.686  0.394
0.770  0.560
0.179  0.446
0.233  0.396
0.488  0.056
0.598  0.987
0.922  0.118
0.104  0.384
0.749  0.415
0.670  0.945
0.457  0.076
0.662  0.606
0.488  0.059
0.885  0.774
0.430  0.976
0.101  0.779
0.502  0.805
0.178  0.951
0.438  0.366
0.653  0.292
0.328  0.031
0.324  0.081
0.332  0.826
0.844  0.259
0.484  0.845
0.912  0.255
0.473  0.386
0.290  0.829
0.891  0.224
0.275  0.960
0.823  0.820
0.203  0.251
0.079  0.253
0.008  0.293
0.956  0.368
0.933  0.784
0.615  0.729
0.040  0.885
0.373  0.619
0.453  0.147
0.978  0.025
0.940  0.805
0.404  0.222
0.322  0.417
0.047  0.466
0.717  0.300
0.737  0.747
0.362  0.942
0.257  0.827
0.513  0.811
0.503  0.234
0.562  0.047
0.929  0.862
0.410  0.902
0.572  0.559
0.533  0.451
0.106  0.906
0.418  0.080
0.173  0.756
0.693  0.761
0.458  0.510
0.604  0.715
0.051  0.165
0.419  0.074
0.021  0.404
0.765  0.740
0.277  0.330
